,KMID,KLEN,KMID2,KUP,KUP2,KLOW,KLOW2,KSFT,KSFT2,OPEN0,HIGH0,LOW0,VWAP0,ROC5,ROC10,ROC20,ROC30,ROC60,MA5,MA10,MA20,MA30,MA60,STD5,STD10,STD20,STD30,STD60,BETA5,BETA10,BETA20,BETA30,BETA60,RSQR5,RSQR10,RSQR20,RSQR30,RSQR60,RESI5,RESI10,RESI20,RESI30,RESI60,MAX5,MAX10,MAX20,MAX30,MAX60,MIN5,MIN10,MIN20,MIN30,MIN60,QTLU5,QTLU10,QTLU20,QTLU30,QTLU60,QTLD5,QTLD10,QTLD20,QTLD30,QTLD60,RANK5,RANK10,RANK20,RANK30,RANK60,RSV5,RSV10,RSV20,RSV30,RSV60,IMAX5,IMAX10,IMAX20,IMAX30,IMAX60,IMIN5,IMIN10,IMIN20,IMIN30,IMIN60,IMXD5,IMXD10,IMXD20,IMXD30,IMXD60,CORR5,CORR10,CORR20,CORR30,CORR60,CORD5,CORD10,CORD20,CORD30,CORD60,CNTP5,CNTP10,CNTP20,CNTP30,CNTP60,CNTN5,CNTN10,CNTN20,CNTN30,CNTN60,CNTD5,CNTD10,CNTD20,CNTD30,CNTD60,SUMP5,SUMP10,SUMP20,SUMP30,SUMP60,SUMN5,SUMN10,SUMN20,SUMN30,SUMN60,SUMD5,SUMD10,SUMD20,SUMD30,SUMD60,VMA5,VMA10,VMA20,VMA30,VMA60,VSTD5,VSTD10,VSTD20,VSTD30,VSTD60,WVMA5,WVMA10,WVMA20,WVMA30,WVMA60,VSUMP5,VSUMP10,VSUMP20,VSUMP30,VSUMP60,VSUMN5,VSUMN10,VSUMN20,VSUMN30,VSUMN60,VSUMD5,VSUMD10,VSUMD20,VSUMD30,VSUMD60
KMID,1.0,-0.2744395361058563,0.8404616889565479,-0.013666650493466293,0.10127325845203342,-0.020860240374878363,0.10619368274331267,0.9040718733859394,0.7143740675580839,-0.9989433383151689,-0.7945199492441715,-0.595243118005762,,-0.34089620341620647,-0.36162970460019483,-0.2904268082750807,-0.17229594304924384,-0.1455267385754169,-0.6176147703176729,-0.4779996512263249,-0.3633317774224535,-0.34499132124117443,-0.231991532377109,-0.25797778993662324,-0.18243282385267098,-0.1303146538321466,-0.15919519957861913,-0.12181433688697779,0.3233266470113289,0.2303327974291507,0.04642234858095233,0.08161590514308378,0.046764456445625956,-0.04537743356288062,-0.016950905522085002,0.05593794256203272,-0.026970698047416915,-0.04384420559824785,0.6730073547828697,0.5737754906829566,0.4954901520496734,0.3346517694948193,0.24764517241590217,-0.5540273664300116,-0.45277228748444576,-0.36438549394204445,-0.2801467819017395,-0.20196435793504397,-0.2724778601017781,-0.21409952240492536,-0.13718409409744817,-0.1102399199812611,-0.05027240870838586,-0.6118445389568165,-0.501567449967915,-0.377750393911468,-0.3637385289546861,-0.2034546148750633,-0.5108671993233935,-0.38455081282681386,-0.2996182031807701,-0.2675420875700723,-0.19224494180256643,0.5301818453177147,0.455118784408134,0.3767151399828776,0.3339906318095867,0.24840108685168624,0.552575168300515,0.46147281366724674,0.3651819205712881,0.3200652575150445,0.2335927014475049,0.19081595560792508,0.13975614170166367,0.05468197693818863,0.036117172849044504,-0.0002421807846557535,-0.19272396877472295,-0.21152468441294103,-0.10208806188194895,-0.07370394742898866,-0.04436196964104596,0.21756773680794037,0.2036425394214013,0.09083004227577564,0.06310508724483274,0.024491484154165646,0.19384733762031153,0.14927441756000923,0.08860606981382889,0.05154534088805233,0.025668412481461653,0.15514499909082374,0.12162913216032865,0.09031946901500948,0.04894727441295892,0.009932693639066795,0.3107162224657619,0.2708062296596249,0.17434701837562214,0.14130223792245944,0.10383254304055366,-0.31123046562845424,-0.27168153227220637,-0.17684866901155458,-0.1428991540573845,-0.10300631159106974,0.31227064254855746,0.27298925796500983,0.17740215133145093,0.14407645211331244,0.10589667144450177,0.3639922009450353,0.3411176192249468,0.248070774284158,0.18717304643689828,0.12122161373147715,-0.36341629382736906,-0.3411516759990977,-0.2481178895634088,-0.18722518365172447,-0.12122161399547692,0.363724009165897,0.3411721094029048,0.24814790059721836,0.18725931768856266,0.12122161390660577,0.008265635234495,0.010867277714895665,0.004481793995681733,0.004615841572403206,0.004997488856149326,0.0019747783428379117,0.00487275802677774,0.002021428753914552,0.0017957476399656704,0.002284094539370432,0.006638910099933421,-0.05153270904224828,-0.026262968220424503,-0.018677856208473353,-0.01752463019805534,-0.08589850411115779,-0.07551795018056327,-0.061043846605057815,-0.05331731545801709,-0.0835002706956997,0.08815682119527271,0.07964764602856138,0.06866316149609372,0.06389183068674009,0.09960856826000954,-0.0873304673344774,-0.07854718073084778,-0.06757956881814653,-0.06365640272080088,-0.11443228100264277
KLEN,-0.2744395361058563,1.0,-0.17764215431864294,0.38930679533647,-0.19852471497947324,0.3951073297024749,-0.19804557934632133,-0.240027621037021,-0.15145353371617323,0.3064938566875289,0.7322590140078681,-0.5070754234406961,,0.14976136635576112,0.126334865960902,0.17039422799292095,0.34934158467420184,0.4513130182236994,0.23699677723609358,0.16940030025826264,0.12702611688679608,0.21308491184826672,0.40158292201792223,0.6646903381655032,0.5738167780496481,0.5008247644609758,0.5072211642354735,0.5187628168430597,-0.1751830823795882,-0.06906689207964051,-0.011746145942266568,-0.23117733376494215,-0.4056948925177247,0.003068212592262953,-0.005648413648050928,-0.12681154150540563,-0.11277828127028065,0.04011456423954722,-0.15423565192343597,-0.22660574150269505,-0.17908432828875975,0.026849191813413952,0.13932784772581874,0.6028706253368741,0.5375319403421975,0.4894325356576925,0.534433130149559,0.5437229709170852,-0.34217202891674153,-0.3124047412482279,-0.3056602678986567,-0.2914708631665429,-0.25164261005046307,0.40507292969467557,0.3354944715677304,0.28124445859911923,0.36661348752577433,0.485667339235395,-0.02460327578859358,-0.027733028728484377,-0.036524166971917904,-0.006700746213733672,0.07834674909553556,-0.19059525372436567,-0.1903052445354321,-0.19232558419593154,-0.21339697387203202,-0.26834209894675676,-0.22091815122150457,-0.21403450605626984,-0.2113147520727777,-0.24972632307029033,-0.2951215775092873,-0.060945335955329714,-0.03339204702317327,-0.04654280125178199,-0.15176127807979783,-0.19040471354655814,0.23603139858845998,0.19503569656931494,0.15704160865552272,0.1603547106794719,0.19986652514946165,-0.16968833116170084,-0.13367032991158578,-0.11787125076566352,-0.18019682257391167,-0.2247362997069494,-0.067225234485415,-0.05378313621709556,-0.08160551453759785,-0.07057271629203427,-0.16042325955172054,-0.008636483783066584,-0.014318228385963642,-0.00677231706224273,-0.027401644424289016,-0.03335275198986948,-0.17237385238420241,-0.17376503273192673,-0.16546843920367424,-0.19075862041560582,-0.26434492897748735,0.1767639054348113,0.1781304382552392,0.1707637088259117,0.19574588928729386,0.2675930255259303,-0.17529866894314364,-0.17707636860297285,-0.16983860909708773,-0.19593361498266024,-0.2723261891768969,-0.19077674140991072,-0.2061792811816168,-0.21787759156116884,-0.257923835425066,-0.3253799300057157,0.19029406889290088,0.20645065428289217,0.21826168056310513,0.2583940148487012,0.32537992906125746,-0.1905457580129779,-0.20633762209098253,-0.21811671682272157,-0.25824194174249243,-0.3253799284766117,-0.04542155517181132,-0.03799929274696475,-0.013439155672677871,-0.01236780423735421,-0.011311648633280252,-0.017445760651768203,-0.011148698110307156,-0.009803703905480144,-0.009954333035731736,-0.010774770896615663,0.10133119599761921,0.12657722151945552,0.05781315076371623,0.03245673931468267,0.027757862398841756,0.2013464961145364,0.1945362515214932,0.154523785274344,0.16341165302142607,0.1953641463179742,-0.21431785442979473,-0.2180496311990636,-0.19835743297072675,-0.22433405334293552,-0.2884586443196963,0.20855464162350187,0.20885517836427217,0.18384884613979358,0.21057086769008596,0.30235245703212194
KMID2,0.8404616889565479,-0.17764215431864294,1.0,-0.01813772357339149,0.06236956882151851,-0.007725236686673267,0.06751681000472902,0.7648913391599949,0.8494143805591946,-0.8358864785210528,-0.6324585073786423,-0.5525493330605982,,-0.3108335128592998,-0.29139796377369775,-0.2127441779771478,-0.12478954362339142,-0.08318982247928083,-0.5263313254706798,-0.40842139902537455,-0.3028574635217698,-0.26879883599638543,-0.1622122828460977,-0.15326905083546444,-0.10295864748719201,-0.08632552034630452,-0.09495358627581015,-0.075026268802952,0.28991870490753546,0.19134215771137691,0.02609162899542923,0.026700301631159874,0.0035451222941623632,0.0104635313095097,0.006392394726375455,0.044620491225799745,-0.028310442222993677,-0.040483189497420496,0.544114377408287,0.5004050395300345,0.43005150534998476,0.30830912228295,0.22414021577857496,-0.4472864565779971,-0.3649959736029359,-0.28914696549362207,-0.20568065283454334,-0.13547428778451545,-0.3016278804878977,-0.22237271969248765,-0.13667944798964657,-0.1092843380740539,-0.05082043222836919,-0.4970846741332335,-0.41032726016404397,-0.30807460500776424,-0.2726736459768053,-0.13806061326310673,-0.4607402172432289,-0.3455609327718605,-0.2552826156529757,-0.21779299015746437,-0.14488273646831124,0.6213308418360022,0.5094086129069122,0.39521681118897706,0.33408226196741897,0.2365108312298787,0.6303240426975069,0.5007581698209096,0.37209277554296155,0.3146915196617008,0.22055333364013777,0.21171571621609436,0.14503318422880337,0.053075155080261,0.022794591570184538,-0.01195868259615498,-0.20192864791766085,-0.17865878508837305,-0.0628905827552386,-0.04368047401985074,-0.019990628124439504,0.23456129713488494,0.187296184669088,0.06723114731130103,0.03821383954748879,0.003957946077219678,0.13469375193094757,0.09841549170051005,0.05082184150405306,0.01824302989688885,-0.002260483312562449,0.13986216668055454,0.09151151640063118,0.05793924094316893,0.023267162172116843,-0.014710380737335634,0.3700763674293848,0.29972888894658983,0.18861651259359147,0.15415057560139103,0.09990799084497479,-0.370956474473035,-0.3013069077378511,-0.19189948239129384,-0.1570623333244468,-0.10266031192316555,0.37206221803108314,0.30245107840376995,0.19221197542789092,0.15776767959293495,0.10370120590456862,0.4026559043329425,0.33502641759400503,0.22248624734937125,0.16795132150961636,0.08699854949500273,-0.4024327092687544,-0.33504970677145585,-0.22251703876612863,-0.1679840975238664,-0.08699855138942998,0.4025661778230935,0.33507485466524456,0.2225496859412615,0.16802172727119286,0.08699855119927996,0.007646777425090515,0.010308886187894451,0.003868440831726735,0.0042519103216937595,0.004240541289857569,0.00012218906728394743,0.003886756675934284,0.0014737272282987798,0.0016229426458059344,0.0018064007098896457,-0.01278387691246408,-0.05228713475087175,-0.027229616837733315,-0.020213711069952466,-0.026181157656214652,-0.07863126336845919,-0.07621048892282056,-0.06735974227591983,-0.050572452467564415,-0.06946026576790051,0.07955195236383272,0.07788968537455253,0.07047321474131382,0.05487031655321185,0.07593665406757141,-0.07936689972731635,-0.07800824572024058,-0.07181511826558781,-0.057268928070324666,-0.09086559353378036
KUP,-0.013666650493466293,0.38930679533647,-0.01813772357339149,1.0,0.6787261849593402,0.021270762935453092,-0.2552471381437603,-0.3021181882622909,-0.3309632354343014,0.014680046456539031,0.4134961149984733,-0.009140919063817862,,0.08671370993196753,0.07594468007279397,0.08709149811271594,0.1315968733283072,0.18065476088405824,0.07264333813673056,0.07812275578041565,0.07677083390258815,0.10467350919588664,0.1459746229899944,0.23550286099038586,0.26492243432053847,0.24202339366425843,0.21874897949157926,0.21488013282545784,-0.08432066514329589,-0.06776361383813116,-0.04760885818273903,-0.1000559199150686,-0.13419874813862098,0.016087060557488434,0.022638331853751123,-0.07203310848095985,-0.04932815103806034,0.01788677215252766,0.015299688923509528,-0.0378881511419311,-0.05283765505628826,-0.004146285967940549,0.027095202510462595,0.2614767913504468,0.2781847211658544,0.2564771775044063,0.2364133587665672,0.23810942624116074,-0.10540390251052857,-0.1282777583264605,-0.11043022476702637,-0.1054462884334829,-0.11645801713616492,0.13815024799290687,0.15663609885622803,0.153061418236451,0.17035041128629969,0.18494039926655212,-0.027221381384983465,-0.01461686350909047,-0.013975438204895343,-0.001187904550656469,0.018337879221272144,-0.0906635604189631,-0.10417639509290372,-0.11502479614177454,-0.1282998059014241,-0.1390950132210463,-0.1725604617135472,-0.15074033742830376,-0.14884470473689848,-0.162214153633716,-0.17040333400789368,-0.010038682918429813,-0.04292359694069754,-0.054440854848509766,-0.08254561039290206,-0.09141760720695173,0.07997393967951386,0.08076689237247549,0.08477513410371852,0.1023755495304057,0.08040263658018923,-0.05155092736305305,-0.07184157000400386,-0.08067929194218763,-0.10663476896879506,-0.09926104523596845,0.021058546390982518,-0.009256636775706003,-0.03291809621123665,-0.016136395840959748,-0.05924825735065803,0.020304860380945915,0.004597806151699663,-0.0021167736564239002,-0.006102912149911511,-0.013863103747244702,-0.10606914166667694,-0.11393318438100818,-0.10607139551834491,-0.11103817288453965,-0.13278379366066217,0.1086672702711092,0.11696723470980024,0.10921724430557275,0.11423960891943045,0.1377261271217149,-0.10781702426743214,-0.11619061740832134,-0.10874766797984324,-0.11420116018961118,-0.13847948267814095,-0.10916277536649273,-0.12458298927257716,-0.12987158554969927,-0.1400525830260194,-0.15549270593397868,0.10928953186669561,0.12476575396176327,0.1301299081891121,0.14036779251698187,0.1554927021242109,-0.10923208754680584,-0.12468806173286444,-0.1300288132838721,-0.14025527422648967,-0.15549270361815654,-0.025884920410558933,-0.01525811260729846,-0.0038282853469329674,-0.0028242567530170795,0.0002480458691350392,-0.012808177930543025,0.0015333851348618328,-0.004819950269172579,-0.0052214111661925905,-0.00454691822822371,0.04501015840225732,0.07679351495365336,0.04877514045693532,0.03809324234090271,0.02530117414201279,0.08145693408644746,0.08699351390370784,0.059737682685642175,0.07707472300371225,0.06750743793916213,-0.08932078628695517,-0.10122103312148459,-0.08631193145003627,-0.11402971918197283,-0.12402024291959006,0.08568546608622746,0.09527554671195579,0.0760878803334009,0.10377821215801193,0.11968696609445055
KUP2,0.10127325845203342,-0.19852471497947324,0.06236956882151851,0.6787261849593402,1.0,-0.24067805323367264,-0.2104943572163538,-0.18500798416933398,-0.3555202981380039,-0.11214161468431416,0.005759471753954728,0.3129566431902696,,2.440672289960466e-05,0.017708177415060866,0.01362034962523586,-0.024690754952954103,-0.049015843582703944,-0.035057118152573785,-0.006943305169512012,0.015880259530665575,0.007023797257572516,-0.04187287784751627,-0.14508639757847036,-0.07893087473659907,-0.06299824214948983,-0.06729424262386179,-0.0660063170693511,0.001354099096114577,-0.024594720355160596,-0.04505348220140387,0.0010169667173323298,0.062157356664076735,0.011687026343962159,0.007062108988918044,4.132756990758164e-05,0.008312794556330834,0.005050427125999713,0.07319399663083344,0.06016447956299128,0.03718642823329757,-0.01009769122668455,-0.0496350802340008,-0.07051465549447997,-0.034924272461859564,-0.024896882601360547,-0.04584061227695788,-0.05484483484579732,0.10036770667534428,0.06483576010234075,0.07696563883661925,0.07727023753602383,0.053518187944356234,-0.07010159980726331,-0.028866250644636274,-0.001907455848164848,-0.01786700959484429,-0.05702418190062114,0.015273833678988765,0.016477721415930527,0.0275627683362086,0.028268911915778155,0.004377873104216002,-0.0004255035979270818,-0.005994109273384167,-0.015677095699450017,-0.019346839144484488,0.0002553469953839863,-0.06838974276740604,-0.0392561404169815,-0.039337547139643256,-0.03323319013004065,-0.011307163183517491,0.01967746529324939,-0.0197598566869283,-0.035169304729400545,-0.011336976960898235,0.015829399630670826,-0.06602268512971268,-0.029118778358851443,-0.002646808705471418,0.017232882442227367,-0.02654569643552001,0.04893837463920642,0.005935090970163173,-0.01892314002967366,-0.01645031024100973,0.024197966620900305,0.05634509232233787,0.014163398276010875,0.002124491377482503,0.00801190312697068,0.008717297914585179,0.02347499239768593,0.008545380352780983,-0.008416344616960874,-0.0020129033588684375,-0.003672000601598308,-0.018672739813788607,-0.024942696249875745,-0.021629595314606523,-0.013442717611871246,0.013558181070138658,0.01843909143674962,0.025888271565328098,0.024031895845489627,0.01681684262159139,-0.005630640766799617,-0.01863322780769237,-0.02557822041150535,-0.023061830460617137,-0.01533376822629184,0.009844158842850493,-0.00899807547607732,-0.016572716247137728,-0.020750824145396685,-0.010339887433890697,0.020379034805788714,0.009161842201634865,0.016805934736417928,0.02107830389738453,0.010738720207354651,-0.02037903887361106,-0.00908045177727184,-0.016691156419785566,-0.02091907491153983,-0.01054268635303465,0.0203790365136962,-0.009527567080941992,-0.00367933686824736,-0.004939638058824341,-0.004548479128577595,-0.0034058856370110975,-0.01474474916009148,-0.004424349010696301,-0.007420006704567075,-0.007758154656481493,-0.008188777585375616,-0.0076398883183985515,0.011626740648298075,0.022354440313856486,0.029362745519574792,0.013105280256477985,-0.04830284154360097,-0.03544256672053728,-0.03327019187948025,-0.022399045191689722,-0.03978857197260874,0.049205606112208235,0.03752533848001938,0.036310830820457544,0.026604206811266254,0.0461920095701449,-0.04892389137713856,-0.03693743782413049,-0.03625327807653972,-0.02661383344936399,-0.05373301226656585
KLOW,-0.020860240374878363,0.3951073297024749,-0.007725236686673267,0.021270762935453092,-0.24067805323367264,1.0,0.6755309160535676,0.2890486875829903,0.305401383913512,0.02221347654967632,0.02143812826628685,-0.5634534128322831,,-0.11410925830090773,-0.10566032418067119,0.031938399612420953,0.19403470620027816,0.23430643069083815,-0.03293686274592729,-0.09868737442459441,-0.08553365625136984,0.023897054754327407,0.20871939062377742,0.26732309040635505,0.2769861843600084,0.2853720719954751,0.326878622454056,0.28604485967386967,0.07162540094032843,0.13630493477463357,0.04073811656417083,-0.19425975176449897,-0.27651554926941757,0.017871379543820124,-0.0010298579443088218,-0.04070878515863895,-0.05788423911295596,0.03541628307724463,-0.074372393398643,-0.04640191184387586,0.07602612400685466,0.22030021787681242,0.18720832356349787,0.1677573768212554,0.12654557789065024,0.15839111451562518,0.26508456241035416,0.2711795622743966,-0.32411216865438724,-0.29850419093015623,-0.2880377185448083,-0.24721853361993043,-0.15097141239415704,0.06479252384280965,0.00964460473689702,0.017944041569964507,0.14386408382027166,0.2594052549598477,-0.14166796308484073,-0.18690658275157276,-0.170372389546865,-0.11961120957397099,0.004639452680973533,-0.0036802673276645536,0.01289861440037023,0.008976501869930808,-0.02860517586056993,-0.1051896686061446,0.055782132576647284,0.042128113953868326,0.01722946002042865,-0.04045761904688846,-0.10804691569329589,-0.008197264833735453,0.05095327612460135,-0.013189219701619877,-0.1067251835801637,-0.12487130038381716,0.06240320807068914,0.026260976143824562,0.038038941750119175,0.07035462722078054,0.14517358080130396,-0.04042887619691432,0.013421966094326613,-0.029665035735159766,-0.10259189376107541,-0.1552153589615972,-0.02213246608920203,0.02470244154678962,-0.02749277169066725,-0.04645030941821,-0.09353656786230388,0.03146551865140154,0.043416175351143504,0.02810047613147217,-0.0012598041377196822,-0.023612278333555156,0.043623563544150076,0.026568804296525837,-0.03769497935820219,-0.0598358913197463,-0.12339102786106246,-0.041169706418399406,-0.02277701819524842,0.04306451998502366,0.06840063321529746,0.1349033231887053,0.0425725584123637,0.02483528264451399,-0.04078656866134604,-0.06499414948141084,-0.13220883963736632,0.02768439117280866,0.03601738482882544,-0.04523093431497469,-0.09766012447040716,-0.16934201512731778,-0.027568119523113496,-0.0358528836325271,0.04546583269990965,0.09794999097287453,0.1693420145317893,0.02762775667115374,0.03593908161087745,-0.0453581717928096,-0.09783650785722788,-0.16934201479815605,-0.01348399452000401,-0.015563586126390777,-0.008520594787933447,-0.008760193976991364,-0.010380727169150917,-0.00666819899838923,-0.01101378075164138,-0.00690046118888016,-0.007321444022679351,-0.00846177535985571,0.06134452401070358,0.03844247385365772,0.010727539372481902,-0.00968231370595293,0.015397597945553083,0.0615305541577336,0.029169677297060655,0.049380586560162844,0.031206325950571785,0.08938031607139481,-0.06666563670494044,-0.03834934937380055,-0.06673970040447898,-0.05528796551704198,-0.12629039656179059,0.0643208136788538,0.034177943089476595,0.060496867735047956,0.04696621876524579,0.1347785639594224
KLOW2,0.10619368274331267,-0.19804557934632133,0.06751681000472902,-0.2552471381437603,-0.2104943572163538,0.6755309160535676,1.0,0.3842270056943157,0.46994707278238373,-0.11713580674994407,-0.3753176982509716,-0.21345400693960268,,-0.14764791299751479,-0.14663669442828303,-0.07676403569162243,-0.03789585479248831,-0.0352671669280829,-0.139010287526967,-0.15166363606606378,-0.1295161324809828,-0.1009670632506717,-0.046484557727963616,-0.1217697679862198,-0.07177502984246217,-0.028724304308948036,-0.012899183742046042,-0.03607566319847068,0.1366528018461435,0.1316436963315418,0.048217152571437306,-0.004369739535598618,-0.01265134809971926,0.03116292072253655,0.018931910012434522,0.047650898347136546,0.024201047886021246,0.002979860496096634,0.021945279924275557,0.07326065986611016,0.13357655650884337,0.13443244685900205,0.08800589943577419,-0.17532703026665689,-0.1703132646358067,-0.12857108975613932,-0.07533713810319394,-0.058083981935594324,-0.07849534115684771,-0.07046862592233971,-0.06986838833192671,-0.051259414888303996,0.009262538359691147,-0.14645384153262272,-0.15150194990573224,-0.12685584008479694,-0.08842645713821451,-0.04477561964003387,-0.09402115379797366,-0.12189221131879792,-0.11202312531852693,-0.09422214996494863,-0.03899180501695835,0.12033600370342658,0.1302166648521691,0.13061981601462608,0.11308715164165388,0.07594532577509391,0.202417722278749,0.17338522306606383,0.14946739524626168,0.123549588184755,0.08361532515689245,-0.0022374721186505463,0.049470883889060416,0.023435860045835585,0.008361334913340549,-0.0009028522757850932,-0.0809810869963156,-0.09150317257792145,-0.06432365446595759,-0.04104425760520912,0.0094744261775916,0.045252539343957336,0.0818682411542372,0.050822325145704936,0.02825286174591678,-0.005800901715739137,0.0017861245115997908,0.04428537681593236,0.01904685287217174,-0.0028782245172308146,0.016188551357022345,0.02968031172865084,0.04603717023833177,0.039283779033965543,0.02509713027808202,0.003103935046514581,0.134227602051556,0.13096238552946282,0.07298917620817166,0.0695015622294307,0.045286827714712846,-0.13422115875457755,-0.12762751941753153,-0.06683026942682134,-0.05996359802181303,-0.030369737595321845,0.13478424388332558,0.13013042523130458,0.07064013834064607,0.0656530408319925,0.03877149996171618,0.13884571006040253,0.15988333929489648,0.1022691585231638,0.07604313169957017,0.03476932312972521,-0.13868828149598975,-0.15966285830581714,-0.10195889567210016,-0.07566222920972672,-0.034769322060753255,0.13877453544400992,0.159790646079194,0.1021360807399896,0.07587708072764464,0.03476932153127464,0.0016374910561725142,-0.0010859193376713105,-0.007657712553548891,-0.008138775927579476,-0.010513759762214867,-0.009651620862483173,-0.01245344130828676,-0.008799168684640108,-0.009225500777894177,-0.011007699693631847,0.020245888696192427,-0.02963856318594266,-0.019190879442472192,-0.02745514424342558,-0.005733322274968988,-0.06894217450864616,-0.0992885724621386,-0.04756891073015416,-0.07044502821841199,-0.04252238693255057,0.07012576892493946,0.10190570875956025,0.051553794995670914,0.07603141428913157,0.05089817662598015,-0.06977596342165066,-0.10184804972147765,-0.05164528473611149,-0.07955567983902413,-0.05838234334016921
KSFT,0.9040718733859394,-0.240027621037021,0.7648913391599949,-0.3021181882622909,-0.18500798416933398,0.2890486875829903,0.3842270056943157,1.0,0.8417135457587898,-0.9029890377082869,-0.8361215128128401,-0.7139976608472876,,-0.3706087573158019,-0.383511258537871,-0.2790033996950407,-0.13415028733030432,-0.11166725083978826,-0.5917983971752876,-0.4875138616553234,-0.3790241759579927,-0.3362776187009196,-0.18799365134368948,-0.21966492634408255,-0.15686869838985998,-0.10019662363512347,-0.1064361532520277,-0.08423338741013234,0.3406177932832814,0.27173620045178765,0.06899986117607852,0.04259989329654871,-0.00472535471308931,-0.0402892960672961,-0.022401111350334815,0.05927003986334127,-0.028020471968901162,-0.033919901388459794,0.5822161711898101,0.5168194437956731,0.48875386896005174,0.3738491114164556,0.2753109630029801,-0.5270530553499985,-0.45316145005226594,-0.3565897201484317,-0.24074368404106425,-0.16845262386834553,-0.31763607001363797,-0.249883839125581,-0.18215511021214453,-0.14637741510175742,-0.05850115287439925,-0.5752714113936642,-0.49810729746284027,-0.38218985391480087,-0.33503944280046116,-0.15774391892453826,-0.4995927353691972,-0.40303032104425124,-0.3210264173619007,-0.2797848908304131,-0.17826232313143384,0.5063677026423004,0.44753283446385744,0.3784369533420612,0.3318281946897811,0.23336673315224254,0.5696312209643604,0.4762812145810737,0.38059948317897635,0.3255316215314722,0.22832405816823811,0.17338875222523942,0.1554355840062066,0.06156546326651588,0.023670580232766962,-0.012364871640571326,-0.17881319821799385,-0.20745076693464493,-0.10572478377490724,-0.07505371328558957,-0.01842692796848357,0.19981678969776195,0.2101303784430275,0.09693609216377741,0.0565764780264074,0.0028469094644741513,0.16242821800966648,0.14575768718478715,0.08136924864857632,0.03685918845656492,0.011356513754655967,0.14449193295956084,0.12254688922908563,0.09133964953364375,0.045787465411269095,0.005693437856361849,0.32683767022643784,0.2876274969581548,0.17765364261241742,0.14221012297005436,0.09471350444284848,-0.3273028286016311,-0.288128731934658,-0.1791665920587755,-0.14191519812682865,-0.09181152249607483,0.3284346719587202,0.2897309264503764,0.18024505803168134,0.14404165089349466,0.09550194122401079,0.37103620103706664,0.3574954070449041,0.24917578971623677,0.1805086576866509,0.10276845631148367,-0.3705151347016616,-0.35752875879272517,-0.24922125291923428,-0.18055826106581072,-0.10276845560871008,0.37079581370321263,0.35755134325847476,0.2492523284510326,0.18059151812481716,0.1027684558872539,0.010928509684053308,0.009483631020468552,0.0025201178780548694,0.002268737510081183,0.0011947827068643912,0.0034909763462134358,0.0005017668436775884,0.0010927021319824418,0.0008748029684820927,0.0007592320953149177,0.011960228837780104,-0.057399142662804825,-0.03489547701368567,-0.031266800555703564,-0.018548088483133017,-0.08267875913804905,-0.08508147608104431,-0.05752927158974655,-0.061374858483368086,-0.06762036029865535,0.0854430713517649,0.09015770186783935,0.066858296606426,0.07434730979628662,0.08737534797428285,-0.08435334607194268,-0.0887086649334348,-0.06480732334472972,-0.0737104444643801,-0.09686220405956723
KSFT2,0.7143740675580839,-0.15145353371617323,0.8494143805591946,-0.3309632354343014,-0.3555202981380039,0.305401383913512,0.46994707278238373,0.8417135457587898,1.0,-0.7105828716414347,-0.6661578781079933,-0.6464426280433346,,-0.31385122748399247,-0.30300523527893897,-0.21105990101523742,-0.11036919548800733,-0.06606222953872953,-0.4817042000800124,-0.39558190066826865,-0.30624138733767,-0.26464215698965404,-0.13925271530339328,-0.12269611977067031,-0.08522815660088134,-0.06177399982127596,-0.062228399895777595,-0.05370180702464749,0.29191868895463546,0.21541242812436204,0.05375023660132267,0.020787155741155014,-0.022231314983825266,0.015589733462341156,0.009513985397390236,0.05408627969639974,-0.018509116714217292,-0.03498178568874381,0.4439105393072944,0.42880888336854256,0.39755120541104244,0.31059645580495976,0.2367047858560041,-0.4152189564227159,-0.3557514571615715,-0.2805841127296268,-0.1846147259978996,-0.11619991047412362,-0.3161748764084328,-0.23432402415296497,-0.16559050522043145,-0.1361178665300792,-0.05789655308096234,-0.44767974585146125,-0.38976676306730884,-0.30376863514871905,-0.25526422761564915,-0.11310767260551233,-0.42767602946494093,-0.3400185457856653,-0.26387929879435224,-0.22626484291166266,-0.13756561903268333,0.5677488978777804,0.47816793144123954,0.3848073281159683,0.32824699258792156,0.22627989198930712,0.6262978201041451,0.49678807917198203,0.3796178833194133,0.320065731595143,0.21927110783296042,0.17200421276623862,0.1464505925272992,0.06481517184686836,0.0259867285624584,-0.015766296350362672,-0.17657636972440044,-0.17287161461599607,-0.07439162841062738,-0.05684215842818118,-0.004768877133515912,0.1977566390739984,0.184694489016845,0.08070886649451967,0.04757320639113977,-0.006769908547846956,0.09576030690671215,0.09375054912364107,0.04885191781632614,0.011775150125923528,0.0006874634655353145,0.12074686815669267,0.09040435417441528,0.06535501304203868,0.028972544513196998,-0.010167673541900797,0.36574692972573497,0.3071335685688126,0.19204973086180538,0.1588999110258794,0.09557703143472736,-0.3664118516679449,-0.3076484284546053,-0.1935336151625745,-0.15924077406973308,-0.09547524617596262,0.3676066001638691,0.3093694164167726,0.19477478268804774,0.1612849217931556,0.0978126325533636,0.3916702758882507,0.34411309801625073,0.23046275050479736,0.17178554366441567,0.07874800597039941,-0.3914824221674215,-0.3441358945111699,-0.23049291318005158,-0.17181723658638678,-0.07874800584166727,0.39159762406945225,0.34416228653572517,0.23052759699010383,0.17185664063778333,0.07874800629336265,0.01024408958939772,0.009601201781018495,0.0023210114632952277,0.0023498554162673315,0.0011437827104242076,0.0017633408628247801,0.0005233839017352995,0.000736026549433697,0.0008304323042335456,0.000521347326160953,-0.0013385995255035584,-0.058347598781041156,-0.03715328672805124,-0.03639183846799057,-0.028552440866404585,-0.0739488066349271,-0.08660044006056669,-0.062147833819215965,-0.05940249255573565,-0.0600094586664583,0.07482992841855417,0.08821748562098292,0.06512560695045218,0.06353967418129988,0.06620683557209223,-0.07464829113975124,-0.08849598705645235,-0.06631325571049743,-0.06677382113596764,-0.07887859312020211
OPEN0,-0.9989433383151689,0.3064938566875289,-0.8358864785210528,0.014680046456539031,-0.11214161468431416,0.02221347654967632,-0.11713580674994407,-0.9029890377082869,-0.7105828716414347,1.0,0.8124520964899494,0.5719762945182157,,0.34399539060804957,0.36326895306897666,0.2927459112920656,0.18377111845617145,0.16112436212603223,0.6198538194012999,0.4799702334228571,0.364577318224448,0.3487822082613862,0.24463612104960863,0.2782461344728401,0.19843782647564537,0.1439070545677662,0.17332394461614542,0.13932764310661103,-0.32717480167094576,-0.23167327850023814,-0.04616786831829354,-0.08772184942995356,-0.061770085779289566,0.04457656417932366,0.0160688417794564,-0.058422101860813695,0.023640913096115317,0.045031867765213174,-0.6700377579966155,-0.5754061262420741,-0.49775303060591175,-0.33160608829261046,-0.23935463613401328,0.5683829017090049,0.4658115932525712,0.37619091342509703,0.2955432209483066,0.21936344774278915,0.25908983214125425,0.20313860029768532,0.12719333430989943,0.1005030882284374,0.042439756431444424,0.6195887756934332,0.5080487048393967,0.3833173668220582,0.37170626286407765,0.21947737369210277,0.505518534692335,0.3814169310324268,0.2968538294495832,0.26573159190198153,0.1937194930199043,-0.5287829055551232,-0.45491890821071673,-0.3775363245314222,-0.33572478799251243,-0.2527962274137619,-0.5519019125852762,-0.4620522525062338,-0.36681647596758504,-0.32327899468326005,-0.2391429419138863,-0.19080650323864243,-0.13958138169099582,-0.054917815710590234,-0.040018679783621613,-0.005246397950500991,0.19720500485157555,0.21494289106408906,0.10534001187698261,0.07691602382214487,0.04932291425480052,-0.22013581639983767,-0.2055546062342071,-0.09284751291618801,-0.06721969581487293,-0.03052521455983912,-0.19431025610794694,-0.15007516250567962,-0.0902974656639889,-0.05346176814908852,-0.030990263271613767,-0.1539855191745894,-0.12123747067827403,-0.08963310642903288,-0.04947526570763425,-0.010790456437094472,-0.31282248152254954,-0.27314325174124054,-0.17709357195837513,-0.14563226886273747,-0.11097470588854186,0.3133040923795236,0.2739020418715985,0.1794354916707829,0.14694927398034358,0.10962019009787291,-0.3143692906105341,-0.27528280246862075,-0.18009657404196053,-0.14832543656542652,-0.11294064554039276,-0.3654695419439324,-0.34358666513350444,-0.25123743233639295,-0.19270263998312148,-0.12970031096450926,0.36485203843406894,0.3436234630235043,0.25128846660148885,0.19275969842723809,0.12970031133479099,-0.3651806311939137,-0.343642797113184,-0.2513172022508297,-0.19279315089114768,-0.12970031114787048,-0.009272809325526415,-0.011646502289498342,-0.004694471801320225,-0.004764959200220216,-0.005151394733243342,-0.0021802741728180973,-0.0049593105712037846,-0.0021181625686332926,-0.0018502049540111744,-0.0023703740466236235,-0.0028660181243273133,0.05541514412506835,0.028397792648355298,0.02019988767446909,0.018389397899338487,0.0907283133549186,0.08102271313640423,0.06544151637014994,0.058458550951836497,0.08879841506655334,-0.0935248564075912,-0.08614379093256215,-0.0748811127365045,-0.07156354298522238,-0.10877717771134343,0.09244709507656154,0.08462211204400635,0.07311005889810109,0.07061437450261063,0.12347272140198498
HIGH0,-0.7945199492441715,0.7322590140078681,-0.6324585073786423,0.4134961149984733,0.005759471753954728,0.02143812826628685,-0.3753176982509716,-0.8361215128128401,-0.6661578781079933,0.8124520964899494,1.0,0.2139924732795069,,0.34448711067499405,0.34158072607345646,0.2932421579283208,0.2928642057089156,0.3355085676237149,0.5508789255643265,0.43871500841341676,0.33845017183612786,0.3574474514974592,0.36089367894626995,0.5301539460892178,0.4332066315781652,0.35155102484093503,0.36115948930336955,0.35284511849793904,-0.3376040290611794,-0.2297230152661986,-0.05500777934732435,-0.16142571454448867,-0.22799075218549186,0.03060318839716333,0.01256932173476903,-0.111796395581814,-0.04298348360100505,0.04690670638754474,-0.5001776003407374,-0.49255369869897087,-0.4453262818849305,-0.24737260433325303,-0.11376753901818631,0.7101613450587957,0.6205015591120512,0.5256449321480547,0.47121196023119843,0.4263569387090444,0.029516206969584905,5.6551495162650704e-05,-0.04356398693452272,-0.060817105347578906,-0.09923425667841552,0.6341203786259451,0.5395506630309759,0.4271666268641159,0.44306871380542434,0.38690419427091766,0.3384837103220903,0.26844183456732645,0.20607568789555294,0.19405171153766837,0.17116565581207183,-0.4583401926553231,-0.41761327582965263,-0.3711284235045953,-0.3506076448322717,-0.3131033768556523,-0.5185420188672879,-0.45064240292544633,-0.38309409177507053,-0.36640186673328073,-0.3244020775323122,-0.1553577745867421,-0.12714265998695978,-0.0686201083880083,-0.10160878138216152,-0.09830675379339557,0.25643424186840247,0.2546563195303027,0.16229177584232318,0.14196126197514758,0.12556126401426315,-0.23429262133758444,-0.2218715421289839,-0.13374654136321434,-0.14033152629752993,-0.12845497347547302,-0.1535808690911232,-0.13355930354533083,-0.10353496541084987,-0.0666976842660572,-0.09900101162505363,-0.10679004228131177,-0.09464470465307587,-0.06849913319969171,-0.048139865820996344,-0.023393634555510762,-0.3231232122264839,-0.2970487341706943,-0.21605145691598113,-0.2057663720030569,-0.2146272209698667,0.3257598394875824,0.29964816370047503,0.21983643151669688,0.2080383839302292,0.21390202816040016,-0.32579579617323634,-0.3002667100782788,-0.22018221950517877,-0.20977923621124753,-0.21939447956595937,-0.36470627768321984,-0.3647515052115732,-0.2960282782684867,-0.2706338720537113,-0.25508278577023696,0.36403528392328593,0.3649230945983083,0.2962699870442062,0.270925561114145,0.25508278480990004,-0.3643905788662114,-0.36487736344641436,-0.29621307466391117,-0.27086679479226783,-0.2550827846197503,-0.03271971481065631,-0.027727770930067216,-0.009247802627510538,-0.00845188608941682,-0.007198797907460614,-0.0119562399060479,-0.006585999255816891,-0.00615660077414784,-0.006036396216591044,-0.006454224457410484,0.04837423632062436,0.11115137081388704,0.05705553688506168,0.040252171164631874,0.028505706840059288,0.1703749928266916,0.16824207443614053,0.12692439759224186,0.13456819197013248,0.15746851126144787,-0.1796974596379627,-0.18519867945263366,-0.1584206864987347,-0.17834761888267703,-0.22432455399892723,0.17564482810093446,0.17891583516960205,0.14866437325008514,0.16993636911803905,0.23859273300273867
LOW0,-0.595243118005762,-0.5070754234406961,-0.5525493330605982,-0.009140919063817862,0.3129566431902696,-0.5634534128322831,-0.21345400693960268,-0.7139976608472876,-0.6464426280433346,0.5719762945182157,0.2139924732795069,1.0,,0.22509428196725167,0.2497727497576676,0.1213858921103788,-0.13466400008105886,-0.2271178461870925,0.352907493450016,0.3118713408412165,0.2453805922775904,0.14247755651191465,-0.12521476770062379,-0.28563895230150743,-0.27702282608429374,-0.27465219865715157,-0.27637544708576983,-0.3000387694115609,-0.1794749772041935,-0.19471136066888092,-0.052670927590576525,0.1345824746343224,0.2985696085594836,0.03188630986830553,0.023416436808273003,0.03924067792406655,0.10595014694883892,0.0005284839669517854,-0.39536911066558483,-0.29189353773980353,-0.30567222848841835,-0.3555422523277053,-0.3444757825554363,0.031392997302198855,0.014626700210775667,-0.03764608266462783,-0.1745025060080028,-0.2437947468830626,0.5319784528514017,0.45013013944237423,0.38484135285887294,0.3416664189526863,0.23343050461548623,0.21637339512627554,0.20000713151860275,0.13606034948351817,0.028551175741208423,-0.21190984151165448,0.460227382243524,0.3800059985111942,0.31274829360537737,0.2533349019630561,0.10016291153093558,-0.31395339729352,-0.26196284171622164,-0.19835634383155368,-0.14060875347982452,-0.012488604304780935,-0.3496263484720336,-0.27103344446859645,-0.18692965033194814,-0.10916928463346386,0.010772737607728861,-0.11121965224118055,-0.11569899774579254,-0.020749384223740203,0.08990275939221304,0.14949451232213956,-0.010343957049884701,0.043418112708711806,-0.02003255563981456,-0.050339045152042336,-0.13006196430771502,-0.056361933345424005,-0.0911055005308982,-0.000484259417375723,0.08134271447858882,0.16153232290876468,-0.0940661403178053,-0.08999734738953222,-0.012215448570167356,0.019965258431397744,0.10639493801825128,-0.12157826733461871,-0.09808066160707321,-0.07505930855733921,-0.019770360027676046,0.020396946911259112,-0.1700207311264765,-0.13241162418884106,-0.039033363691570296,0.010739394758119206,0.10682589570332317,0.16720150226715005,0.1296066029945898,0.036423713716796494,-0.014834448945280935,-0.11205275722366773,-0.16931335859788305,-0.1318551287160983,-0.03812152024183067,0.012956847729670474,0.11204527682349717,-0.1945158544159867,-0.1701879366800843,-0.06337155303560202,0.02649350714432769,0.14511846018975974,0.19439463967506726,0.17001855186401826,0.06313020258687016,-0.026794305010758378,-0.14511845997610404,-0.1944658124570012,-0.17012192583455116,-0.06326453864244647,0.026652470138277637,0.14511845934878573,0.023062068528620774,0.019080743710242605,0.0075572805435558665,0.007019359953996084,0.007238252552168637,0.009624259833103376,0.007772331018896437,0.006227906882684056,0.006542736859178687,0.007251796184105729,-0.0829895398554985,-0.0396082916162431,-0.01017563438960603,0.005104289151524068,-0.0035282620493563266,-0.07210185824274812,-0.06408775208624107,-0.059955747681636834,-0.06256587460935863,-0.08172538256194299,0.07893960652783437,0.07641609448028146,0.08307300777546048,0.09468911267811769,0.13087554060853282,-0.07578307086129842,-0.07112376866512214,-0.07451513918848775,-0.08539551531206602,-0.13285804402482296
VWAP0,,,,,,,,,,,,,,,,,,,,,,,,,,,,,,,,,,,,,,,,,,,,,,,,,,,,,,,,,,,,,,,,,,,,,,,,,,,,,,,,,,,,,,,,,,,,,,,,,,,,,,,,,,,,,,,,,,,,,,,,,,,,,,,,,,,,,,,,,,,,,,,,,,,,,,,,,,,,,,
